image: map_real2.pgm
resolution: 0.05000
origin: [-101.9000, -84.4200, 0.00000]
negate: 0
occupied_thresh: 0.65
free_thresh: 0.196

